9.416446685791015625e-01
9.416399598121643066e-01
9.415502548217773438e-01
8.940971493721008301e-01
7.493522763252258301e-01
5.342431664466857910e-01
3.141669929027557373e-01
1.264158487319946289e-01
-2.152507752180099487e-02
-1.351391822099685669e-01
-2.219856083393096924e-01
-2.892038524150848389e-01
-3.381718695163726807e-01
-3.764779269695281982e-01
-4.079506695270538330e-01
-4.349461197853088379e-01
-4.589108228683471680e-01
-4.803313910961151123e-01
-4.998154938220977783e-01
-5.177224874496459961e-01
-5.343683362007141113e-01
-5.497785806655883789e-01
-5.641295313835144043e-01
-5.775327086448669434e-01
-5.901493430137634277e-01
-6.021175980567932129e-01
-6.135021448135375977e-01
-6.243008971214294434e-01
-6.345582604408264160e-01
-6.443017125129699707e-01
-6.535660028457641602e-01
-6.623396873474121094e-01
-6.706184744834899902e-01
-6.785758733749389648e-01
-6.861847043037414551e-01
-6.934388279914855957e-01
-7.003439068794250488e-01
-7.069262862205505371e-01
-7.132367491722106934e-01
-7.193343639373779297e-01
-7.252880930900573730e-01
-7.310804128646850586e-01
-7.367615699768066406e-01
-7.423962354660034180e-01
-7.479327917098999023e-01
-7.533766031265258789e-01
-7.587645649909973145e-01
-7.640693783760070801e-01
-7.693696618080139160e-01
-7.746149897575378418e-01
-7.798332571983337402e-01
-8.905653953552246094e-01
-9.863334894180297852e-01
-1.081364631652832031e+00
-1.177342057228088379e+00
-1.287636756896972656e+00
-1.394462943077087402e+00
-1.481513738632202148e+00
-1.546154499053955078e+00
-1.600790739059448242e+00
-1.644021987915039062e+00
-1.660390019416809082e+00
-1.723330974578857422e+00
-1.749809741973876953e+00
-1.665195465087890625e+00
-1.773530006408691406e+00
-1.781855940818786621e+00
-1.815573215484619141e+00
-1.881592392921447754e+00
-1.905173182487487793e+00
-1.896387815475463867e+00
-1.806963682174682617e+00
-1.835858464241027832e+00
-1.935629963874816895e+00
-1.988057613372802734e+00
-2.004474878311157227e+00
-2.041140794754028320e+00
-2.082151889801025391e+00
-2.131493330001831055e+00
-2.165838718414306641e+00
-2.180471658706665039e+00
-2.177428960800170898e+00
-1.960978746414184570e+00
-2.028242111206054688e+00
-2.055431365966796875e+00
-2.079802751541137695e+00
-2.109223604202270508e+00
-2.004563570022583008e+00
-2.037689924240112305e+00
-2.082424640655517578e+00
-2.124817132949829102e+00
-2.165553569793701172e+00
-2.186488389968872070e+00
-2.205828428268432617e+00
-2.223492383956909180e+00
-2.235455513000488281e+00
-2.242644548416137695e+00
-2.247141838073730469e+00
-2.251509428024291992e+00
-2.255676031112670898e+00
-2.258391857147216797e+00
-2.261641979217529297e+00
-2.263986587524414062e+00
-2.266443729400634766e+00
-2.269489288330078125e+00
-2.271972179412841797e+00
-2.276508331298828125e+00
-2.279714822769165039e+00
-2.283717870712280273e+00
-2.187961339950561523e+00
-2.233255386352539062e+00
-2.285052537918090820e+00
-2.293804168701171875e+00
-2.298857450485229492e+00
-2.303692579269409180e+00
-2.307644128799438477e+00
-2.310732364654541016e+00
-2.313245534896850586e+00
-2.314613342285156250e+00
-2.316057205200195312e+00
-2.316875457763671875e+00
-2.317553758621215820e+00
-2.318050146102905273e+00
-2.318285226821899414e+00
-2.318536996841430664e+00
-2.318665266036987305e+00
-2.318716287612915039e+00
-2.318834066390991211e+00
