-3.210210084915161133e+00
-3.210206985473632812e+00
-3.209207534790039062e+00
-3.158192873001098633e+00
-3.004253864288330078e+00
-2.770695686340332031e+00
-2.520625114440917969e+00
-2.291902065277099609e+00
-2.094354391098022461e+00
-1.926522493362426758e+00
-1.783925414085388184e+00
-1.661353826522827148e+00
-1.562806844711303711e+00
-1.479944229125976562e+00
-1.408007025718688965e+00
-1.344161510467529297e+00
-1.286643981933593750e+00
-1.234487771987915039e+00
-1.186833739280700684e+00
-1.143140554428100586e+00
-1.102885484695434570e+00
-1.065735220909118652e+00
-1.031304001808166504e+00
-9.992846846580505371e-01
-9.693878889083862305e-01
-9.413418173789978027e-01
-9.149555563926696777e-01
-8.900487422943115234e-01
-8.664688467979431152e-01
-8.440781831741333008e-01
-8.227548599243164062e-01
-8.024013042449951172e-01
-7.829776406288146973e-01
-7.643604278564453125e-01
-7.464981079101562500e-01
-7.293234467506408691e-01
-7.127704024314880371e-01
-6.967857480049133301e-01
-6.813291907310485840e-01
-6.663187146186828613e-01
-6.517611742019653320e-01
-6.375878453254699707e-01
-6.237726807594299316e-01
-6.102833747863769531e-01
-5.971044301986694336e-01
-5.842293500900268555e-01
-5.716267824172973633e-01
-5.592849850654602051e-01
-5.471673607826232910e-01
-5.352646112442016602e-01
-5.235913395881652832e-01
-2.814270555973052979e-01
-9.943611174821853638e-02
4.739873483777046204e-02
1.698500514030456543e-01
2.741299867630004883e-01
3.641877472400665283e-01
4.416929483413696289e-01
5.084486007690429688e-01
5.667113661766052246e-01
6.190939545631408691e-01
6.647499203681945801e-01
7.067589759826660156e-01
7.437375783920288086e-01
7.749983668327331543e-01
8.080846071243286133e-01
8.359652757644653320e-01
8.622957468032836914e-01
8.867661952972412109e-01
9.086435437202453613e-01
9.285988807678222656e-01
9.455103874206542969e-01
9.640970230102539062e-01
9.820843935012817383e-01
9.982701539993286133e-01
1.012927055358886719e+00
1.026890516281127930e+00
1.039867043495178223e+00
1.052094459533691406e+00
1.063662171363830566e+00
1.074327588081359863e+00
1.084274649620056152e+00
1.090545535087585449e+00
1.100659608840942383e+00
1.109319210052490234e+00
1.117664694786071777e+00
1.125346660614013672e+00
1.130319237709045410e+00
1.138233661651611328e+00
1.145137310028076172e+00
1.151502013206481934e+00
1.157440781593322754e+00
1.162984848022460938e+00
1.168155550956726074e+00
1.173020482063293457e+00
1.177628159523010254e+00
1.181884646415710449e+00
1.185893177986145020e+00
1.189649820327758789e+00
1.193151831626892090e+00
1.196451783180236816e+00
1.199512243270874023e+00
1.202371478080749512e+00
1.205026030540466309e+00
1.207501411437988281e+00
1.209773063659667969e+00
1.211913824081420898e+00
1.213855028152465820e+00
1.215652823448181152e+00
1.216614127159118652e+00
1.218332171440124512e+00
1.219915270805358887e+00
1.221269845962524414e+00
1.222365140914916992e+00
1.223334193229675293e+00
1.224187254905700684e+00
1.224910497665405273e+00
1.225540637969970703e+00
1.226072788238525391e+00
1.226516127586364746e+00
1.226865410804748535e+00
1.227149963378906250e+00
1.227365851402282715e+00
1.227514147758483887e+00
1.227623224258422852e+00
1.227684617042541504e+00
1.227716684341430664e+00
1.227727651596069336e+00
