-2.268565416336059570e+00
-2.268567085266113281e+00
-2.267657279968261719e+00
-2.264095783233642578e+00
-2.254901647567749023e+00
-2.236452341079711914e+00
-2.206458330154418945e+00
-2.165486097335815430e+00
-2.115879535675048828e+00
-2.061661720275878906e+00
-2.005910873413085938e+00
-1.950557708740234375e+00
-1.900978684425354004e+00
-1.856422185897827148e+00
-1.815957784652709961e+00
-1.779107570648193359e+00
-1.745554804801940918e+00
-1.714819192886352539e+00
-1.686649203300476074e+00
-1.660863041877746582e+00
-1.637253761291503906e+00
-1.615513801574707031e+00
-1.595433592796325684e+00
-1.576817393302917480e+00
-1.559537172317504883e+00
-1.543459415435791016e+00
-1.528457760810852051e+00
-1.514349699020385742e+00
-1.501027107238769531e+00
-1.488379836082458496e+00
-1.476320862770080566e+00
-1.464740991592407227e+00
-1.453596115112304688e+00
-1.442936301231384277e+00
-1.432682752609252930e+00
-1.422762274742126465e+00
-1.413114309310913086e+00
-1.403712034225463867e+00
-1.394565939903259277e+00
-1.385653138160705566e+00
-1.377049207687377930e+00
-1.368668317794799805e+00
-1.360534310340881348e+00
-1.352679610252380371e+00
-1.345037221908569336e+00
-1.337605953216552734e+00
-1.330391407012939453e+00
-1.323354363441467285e+00
-1.316537022590637207e+00
-1.309879541397094727e+00
-1.303424596786499023e+00
-1.171992421150207520e+00
-1.085769653320312500e+00
-1.033965945243835449e+00
-1.007491946220397949e+00
-1.013506770133972168e+00
-1.030275225639343262e+00
-1.039820790290832520e+00
-1.037705898284912109e+00
-1.034079313278198242e+00
-1.024927973747253418e+00
-9.956401586532592773e-01
-1.016571998596191406e+00
-1.006072163581848145e+00
-8.901971578598022461e-01
-9.654453992843627930e-01
-9.458907246589660645e-01
-9.532774686813354492e-01
-9.948261380195617676e-01
-9.965296983718872070e-01
-9.677888751029968262e-01
-8.614533543586730957e-01
-8.717613816261291504e-01
-9.535455107688903809e-01
-9.897875189781188965e-01
-9.915478229522705078e-01
-1.014250159263610840e+00
-1.042284727096557617e+00
-1.079398870468139648e+00
-1.102176547050476074e+00
-1.106144070625305176e+00
-1.093154311180114746e+00
-8.704332709312438965e-01
-9.275825619697570801e-01
-9.461121559143066406e-01
-9.621381759643554688e-01
-9.838768839836120605e-01
-8.742441534996032715e-01
-8.994562625885009766e-01
-9.372872710227966309e-01
-9.733151793479919434e-01
-1.008112788200378418e+00
-1.023503661155700684e+00
-1.037672996520996094e+00
-1.050471901893615723e+00
-1.057827234268188477e+00
-1.060759902000427246e+00
-1.061248540878295898e+00
-1.061859488487243652e+00
-1.062524199485778809e+00
-1.061940073966979980e+00
-1.062129855155944824e+00
-1.061615109443664551e+00
-1.061417698860168457e+00
-1.061987996101379395e+00
-1.062199115753173828e+00
-1.064594507217407227e+00
-1.065859913825988770e+00
-1.068065047264099121e+00
-9.713472127914428711e-01
-1.014923214912414551e+00
-1.065137147903442383e+00
-1.072534203529357910e+00
-1.076492190361022949e+00
-1.080358266830444336e+00
-1.083456754684448242e+00
-1.085821747779846191e+00
-1.087704777717590332e+00
-1.088540673255920410e+00
-1.089541196823120117e+00
-1.090010046958923340e+00
-1.090403795242309570e+00
-1.090684294700622559e+00
-1.090771079063415527e+00
-1.090913653373718262e+00
-1.090980648994445801e+00
-1.090999722480773926e+00
-1.091106295585632324e+00
