1.397102713584899902e+00
1.397129416465759277e+00
1.457952141761779785e+00
1.725860238075256348e+00
1.889595031738281250e+00
1.058591008186340332e+00
4.469646513462066650e-01
1.603339165449142456e-01
-2.246824465692043304e-02
-1.505525708198547363e-01
-2.438212037086486816e-01
-3.143551349639892578e-01
-3.650749027729034424e-01
-4.042716920375823975e-01
-4.365550279617309570e-01
-4.641400873661041260e-01
-4.887116849422454834e-01
-5.108934044837951660e-01
-5.312826037406921387e-01
-5.500720143318176270e-01
-5.676279067993164062e-01
-5.839040875434875488e-01
-5.991098284721374512e-01
-6.134049892425537109e-01
-6.269001364707946777e-01
-6.397414803504943848e-01
-6.519944071769714355e-01
-6.636299490928649902e-01
-6.746287941932678223e-01
-6.850892305374145508e-01
-6.950237751007080078e-01
-7.044543027877807617e-01
-7.133921384811401367e-01
-7.219948172569274902e-01
-7.302411794662475586e-01
-7.381120324134826660e-01
-7.456404566764831543e-01
-7.528430819511413574e-01
-7.598235607147216797e-01
-7.666053771972656250e-01
-7.732781767845153809e-01
-7.798207998275756836e-01
-7.862516045570373535e-01
-7.926532626152038574e-01
-7.989551424980163574e-01
-8.051708936691284180e-01
-8.113300800323486328e-01
-8.174117207527160645e-01
-8.234869837760925293e-01
-8.294823169708251953e-01
-8.354369997978210449e-01
-9.580714106559753418e-01
-1.060399532318115234e+00
-1.158700466156005859e+00
-1.257691860198974609e+00
-1.369782328605651855e+00
-1.478397369384765625e+00
-1.567722439765930176e+00
-1.632166266441345215e+00
-1.685882449150085449e+00
-1.729301810264587402e+00
-1.745128512382507324e+00
-1.808614373207092285e+00
-1.834908723831176758e+00
-1.750371456146240234e+00
-1.858211517333984375e+00
-1.868380308151245117e+00
-1.901321411132812500e+00
-1.964961409568786621e+00
-1.986047744750976562e+00
-1.977248787879943848e+00
-1.885400176048278809e+00
-1.916467547416687012e+00
-2.015806674957275391e+00
-2.068248033523559570e+00
-2.085055828094482422e+00
-2.120721578598022461e+00
-2.161325454711914062e+00
-2.209552049636840820e+00
-2.243328571319580078e+00
-2.257867574691772461e+00
-2.255183458328247070e+00
-2.035703659057617188e+00
-2.106927633285522461e+00
-2.135317087173461914e+00
-2.157375574111938477e+00
-2.188063621520996094e+00
-2.080766916275024414e+00
-2.115182399749755859e+00
-2.161568880081176758e+00
-2.203897476196289062e+00
-2.244643449783325195e+00
-2.265164613723754883e+00
-2.284177064895629883e+00
-2.301631212234497070e+00
-2.313797473907470703e+00
-2.320892333984375000e+00
-2.325533151626586914e+00
-2.329809427261352539e+00
-2.334093332290649414e+00
-2.336844682693481445e+00
-2.340165615081787109e+00
-2.342514276504516602e+00
-2.345145940780639648e+00
-2.348123311996459961e+00
-2.350840091705322266e+00
-2.355564355850219727e+00
-2.358899354934692383e+00
-2.363092660903930664e+00
-2.264538764953613281e+00
-2.312135457992553711e+00
-2.365662813186645508e+00
-2.374376535415649414e+00
-2.379559516906738281e+00
-2.384619235992431641e+00
-2.388789415359497070e+00
-2.391986846923828125e+00
-2.394530057907104492e+00
-2.395918607711791992e+00
-2.397305488586425781e+00
-2.398136854171752930e+00
-2.398845195770263672e+00
-2.399335145950317383e+00
-2.399614095687866211e+00
-2.399825334548950195e+00
-2.399942874908447266e+00
-2.399989128112792969e+00
-2.400110483169555664e+00
