0.000000000000000000e+00
1.000000000000000000e+00
2.000000000000000000e+00
3.000000000000000000e+00
4.000000000000000000e+00
5.000000000000000000e+00
6.000000000000000000e+00
7.000000000000000000e+00
8.000000000000000000e+00
9.000000000000000000e+00
1.000000000000000000e+01
1.100000000000000000e+01
1.200000000000000000e+01
1.300000000000000000e+01
1.400000000000000000e+01
1.500000000000000000e+01
1.600000000000000000e+01
1.700000000000000000e+01
1.800000000000000000e+01
1.900000000000000000e+01
2.000000000000000000e+01
2.100000000000000000e+01
2.200000000000000000e+01
2.300000000000000000e+01
2.400000000000000000e+01
2.500000000000000000e+01
2.600000000000000000e+01
2.700000000000000000e+01
2.800000000000000000e+01
2.900000000000000000e+01
3.000000000000000000e+01
3.100000000000000000e+01
3.200000000000000000e+01
3.300000000000000000e+01
3.400000000000000000e+01
3.500000000000000000e+01
3.600000000000000000e+01
3.700000000000000000e+01
3.800000000000000000e+01
3.900000000000000000e+01
4.000000000000000000e+01
4.100000000000000000e+01
4.200000000000000000e+01
4.300000000000000000e+01
4.400000000000000000e+01
4.500000000000000000e+01
4.600000000000000000e+01
4.700000000000000000e+01
4.800000000000000000e+01
4.900000000000000000e+01
5.000000000000000000e+01
7.500000000000000000e+01
1.000000000000000000e+02
1.250000000000000000e+02
1.500000000000000000e+02
1.750000000000000000e+02
2.000000000000000000e+02
2.250000000000000000e+02
2.500000000000000000e+02
2.750000000000000000e+02
3.000000000000000000e+02
3.250000000000000000e+02
3.500000000000000000e+02
3.750000000000000000e+02
4.000000000000000000e+02
4.250000000000000000e+02
4.500000000000000000e+02
4.750000000000000000e+02
5.000000000000000000e+02
5.250000000000000000e+02
5.500000000000000000e+02
5.750000000000000000e+02
6.000000000000000000e+02
6.250000000000000000e+02
6.500000000000000000e+02
6.750000000000000000e+02
7.000000000000000000e+02
7.250000000000000000e+02
7.500000000000000000e+02
7.750000000000000000e+02
8.000000000000000000e+02
8.250000000000000000e+02
8.500000000000000000e+02
8.750000000000000000e+02
9.000000000000000000e+02
9.250000000000000000e+02
9.500000000000000000e+02
9.750000000000000000e+02
1.000000000000000000e+03
1.025000000000000000e+03
1.050000000000000000e+03
1.075000000000000000e+03
1.100000000000000000e+03
1.125000000000000000e+03
1.150000000000000000e+03
1.175000000000000000e+03
1.200000000000000000e+03
1.225000000000000000e+03
1.250000000000000000e+03
1.275000000000000000e+03
1.300000000000000000e+03
1.325000000000000000e+03
1.350000000000000000e+03
1.375000000000000000e+03
1.400000000000000000e+03
1.425000000000000000e+03
1.450000000000000000e+03
1.475000000000000000e+03
1.500000000000000000e+03
1.525000000000000000e+03
1.550000000000000000e+03
1.575000000000000000e+03
1.600000000000000000e+03
1.625000000000000000e+03
1.650000000000000000e+03
1.675000000000000000e+03
1.700000000000000000e+03
1.725000000000000000e+03
1.750000000000000000e+03
1.775000000000000000e+03
1.800000000000000000e+03
1.825000000000000000e+03
1.850000000000000000e+03
1.875000000000000000e+03
1.900000000000000000e+03
1.925000000000000000e+03
1.950000000000000000e+03
1.975000000000000000e+03
