1.735697984695434570e+00
1.815569758415222168e+00
1.866113662719726562e+00
1.821260452270507812e+00
1.703317165374755859e+00
1.632302761077880859e+00
1.450470924377441406e+00
1.293329000473022461e+00
1.044752836227416992e+00
8.818921446800231934e-01
6.794320940971374512e-01
5.441511869430541992e-01
3.972939550876617432e-01
3.129566907882690430e-01
2.284465134143829346e-01
1.552933752536773682e-01
8.343256264925003052e-02
4.960895702242851257e-02
-1.392324641346931458e-02
-5.225372314453125000e-02
-9.854925423860549927e-02
-1.313911676406860352e-01
-1.605850905179977417e-01
-2.015491575002670288e-01
-2.192069292068481445e-01
-2.680565416812896729e-01
-2.866120338439941406e-01
-3.164897859096527100e-01
-3.257621526718139648e-01
-3.464231789112091064e-01
-3.774547874927520752e-01
-3.813569247722625732e-01
-3.908862769603729248e-01
-4.193689823150634766e-01
-4.408866167068481445e-01
-4.606869220733642578e-01
-4.765477776527404785e-01
-4.728536307811737061e-01
-4.988961219787597656e-01
-5.031406283378601074e-01
-5.137801170349121094e-01
-5.247771739959716797e-01
-5.427259206771850586e-01
-5.436447858810424805e-01
-5.595437884330749512e-01
-5.704423785209655762e-01
-5.741170644760131836e-01
-5.835799574851989746e-01
-6.001500487327575684e-01
-6.074476838111877441e-01
-6.055407524108886719e-01
-7.829799652099609375e-01
-9.022156000137329102e-01
-9.957403540611267090e-01
-1.060786485671997070e+00
-1.132295846939086914e+00
-1.171123385429382324e+00
-1.220486879348754883e+00
-1.252237081527709961e+00
-1.275431752204895020e+00
-1.317019701004028320e+00
-1.348438501358032227e+00
-1.380676627159118652e+00
-1.385153532028198242e+00
-1.411461591720581055e+00
-1.423115491867065430e+00
-1.423185467720031738e+00
-1.445974111557006836e+00
-1.457789778709411621e+00
-1.467053771018981934e+00
-1.475189089775085449e+00
-1.493797540664672852e+00
-1.502254724502563477e+00
-1.495398283004760742e+00
-1.506757616996765137e+00
-1.522738337516784668e+00
-1.526307106018066406e+00
-1.545182824134826660e+00
-1.553234457969665527e+00
-1.544678211212158203e+00
-1.536620497703552246e+00
-1.552973270416259766e+00
-1.559988260269165039e+00
-1.554162383079528809e+00
-1.581238865852355957e+00
-1.580464839935302734e+00
-1.579007625579833984e+00
-1.578858017921447754e+00
-1.583010196685791016e+00
-1.567455649375915527e+00
-1.595775127410888672e+00
-1.594043254852294922e+00
-1.584031343460083008e+00
-1.589347481727600098e+00
-1.592252731323242188e+00
-1.603989481925964355e+00
-1.595701932907104492e+00
-1.602556228637695312e+00
-1.600938320159912109e+00
-1.601187705993652344e+00
-1.614064693450927734e+00
-1.617844700813293457e+00
-1.609558701515197754e+00
-1.621773838996887207e+00
-1.613507390022277832e+00
-1.603990554809570312e+00
-1.619246840476989746e+00
-1.618474483489990234e+00
-1.617300152778625488e+00
-1.623116016387939453e+00
-1.627227902412414551e+00
-1.622515678405761719e+00
-1.618722200393676758e+00
-1.624850511550903320e+00
-1.620468735694885254e+00
-1.609459757804870605e+00
-1.610117912292480469e+00
-1.620238661766052246e+00
-1.625346660614013672e+00
-1.628490567207336426e+00
-1.623304247856140137e+00
-1.620680570602416992e+00
-1.636824131011962891e+00
-1.625204205513000488e+00
-1.631888747215270996e+00
-1.626803040504455566e+00
-1.627212047576904297e+00
-1.628255486488342285e+00
