-1.410600900650024414e+00
-1.482010126113891602e+00
-1.549287557601928711e+00
-1.521781682968139648e+00
-1.405539274215698242e+00
-1.340428352355957031e+00
-1.158732175827026367e+00
-1.029681563377380371e+00
-7.809009552001953125e-01
-6.257722377777099609e-01
-4.139864444732666016e-01
-2.651593685150146484e-01
-1.072622612118721008e-01
2.836472913622856140e-02
1.254842579364776611e-01
2.361919879913330078e-01
3.280042409896850586e-01
4.046416580677032471e-01
5.011289119720458984e-01
5.679877400398254395e-01
6.258927583694458008e-01
6.775038242340087891e-01
7.324482798576354980e-01
7.756873369216918945e-01
8.107012510299682617e-01
8.540617823600769043e-01
8.885674476623535156e-01
9.224001765251159668e-01
9.439542293548583984e-01
9.688273668289184570e-01
1.006283283233642578e+00
1.019053459167480469e+00
1.036483883857727051e+00
1.064168572425842285e+00
1.086327552795410156e+00
1.107215642929077148e+00
1.127020239830017090e+00
1.133895993232727051e+00
1.152576565742492676e+00
1.163915991783142090e+00
1.176827430725097656e+00
1.190838098526000977e+00
1.203086376190185547e+00
1.211083650588989258e+00
1.224043130874633789e+00
1.236213922500610352e+00
1.243088841438293457e+00
1.250712513923645020e+00
1.263114571571350098e+00
1.270899176597595215e+00
1.276522755622863770e+00
1.428688526153564453e+00
1.511231660842895508e+00
1.564673662185668945e+00
1.600364804267883301e+00
1.636202454566955566e+00
1.656667232513427734e+00
1.678032517433166504e+00
1.697895884513854980e+00
1.713936209678649902e+00
1.728353142738342285e+00
1.741240859031677246e+00
1.756076812744140625e+00
1.765019178390502930e+00
1.774892807006835938e+00
1.783613204956054688e+00
1.791481256484985352e+00
1.799958586692810059e+00
1.806990146636962891e+00
1.814727067947387695e+00
1.819370508193969727e+00
1.827215194702148438e+00
1.833732366561889648e+00
1.837494254112243652e+00
1.842446565628051758e+00
1.849104642868041992e+00
1.853740453720092773e+00
1.858373880386352539e+00
1.863268375396728516e+00
1.864973664283752441e+00
1.869320154190063477e+00
1.874104022979736328e+00
1.876909255981445312e+00
1.879669070243835449e+00
1.884848356246948242e+00
1.887333631515502930e+00
1.890091896057128906e+00
1.892870664596557617e+00
1.894021749496459961e+00
1.896755933761596680e+00
1.901526689529418945e+00
1.902268052101135254e+00
1.903375625610351562e+00
1.905524730682373047e+00
1.908140420913696289e+00
1.911245346069335938e+00
1.911666393280029297e+00
1.914108276367187500e+00
1.915137648582458496e+00
1.916248083114624023e+00
1.919142603874206543e+00
1.919803023338317871e+00
1.920471072196960449e+00
1.922585487365722656e+00
1.922974228858947754e+00
1.923911452293395996e+00
1.925525426864624023e+00
1.925946593284606934e+00
1.925702691078186035e+00
1.927121520042419434e+00
1.928156852722167969e+00
1.927944302558898926e+00
1.928154706954956055e+00
1.929031252861022949e+00
1.928776144981384277e+00
1.929621219635009766e+00
1.928703427314758301e+00
1.931037306785583496e+00
1.931245803833007812e+00
1.930439472198486328e+00
1.930297255516052246e+00
1.930980443954467773e+00
1.932255387306213379e+00
1.931621193885803223e+00
1.931564331054687500e+00
1.931162118911743164e+00
1.931784152984619141e+00
1.931747198104858398e+00
