3.250971138477325439e-01
3.335596323013305664e-01
3.168261647224426270e-01
2.994787693023681641e-01
2.977779209613800049e-01
2.918744385242462158e-01
2.917386889457702637e-01
2.636473476886749268e-01
2.638518512248992920e-01
2.561199069023132324e-01
2.654456496238708496e-01
2.789918184280395508e-01
2.900317013263702393e-01
3.413214385509490967e-01
3.539307713508605957e-01
3.914853632450103760e-01
4.114367961883544922e-01
4.542506039142608643e-01
4.872056543827056885e-01
5.157340168952941895e-01
5.273435115814208984e-01
5.461126565933227539e-01
5.718631744384765625e-01
5.741381645202636719e-01
5.914943218231201172e-01
5.860052108764648438e-01
6.019553542137145996e-01
6.059104204177856445e-01
6.181920766830444336e-01
6.224041581153869629e-01
6.288285851478576660e-01
6.376965641975402832e-01
6.455975770950317383e-01
6.447996497154235840e-01
6.454409360885620117e-01
6.465287208557128906e-01
6.504724025726318359e-01
6.610423326492309570e-01
6.536805033683776855e-01
6.607753634452819824e-01
6.630473136901855469e-01
6.660609245300292969e-01
6.603604555130004883e-01
6.674388647079467773e-01
6.644992828369140625e-01
6.657716035842895508e-01
6.689718365669250488e-01
6.671326160430908203e-01
6.629645228385925293e-01
6.634515523910522461e-01
6.709819436073303223e-01
6.457085609436035156e-01
6.090160608291625977e-01
5.689333081245422363e-01
5.395783185958862305e-01
5.039065480232238770e-01
4.855438768863677979e-01
4.575455784797668457e-01
4.456587731838226318e-01
4.385044574737548828e-01
4.113334417343139648e-01
3.928023278713226318e-01
3.754002153873443604e-01
3.798656165599822998e-01
3.634313344955444336e-01
3.604976534843444824e-01
3.682958185672760010e-01
3.539843857288360596e-01
3.492004573345184326e-01
3.476732969284057617e-01
3.441813886165618896e-01
3.334176838397979736e-01
3.314776420593261719e-01
3.420959711074829102e-01
3.356890380382537842e-01
3.263662755489349365e-01
3.274333775043487549e-01
3.131909966468811035e-01
3.100339472293853760e-01
3.202955126762390137e-01
3.326996564865112305e-01
3.211306929588317871e-01
3.169209957122802734e-01
3.255066871643066406e-01
3.036095201969146729e-01
3.068688511848449707e-01
3.110841810703277588e-01
3.140126466751098633e-01
3.110115528106689453e-01
3.293002247810363770e-01
3.057516813278198242e-01
3.082248568534851074e-01
3.193442225456237793e-01
3.161771595478057861e-01
3.158876299858093262e-01
3.072557747364044189e-01
3.159644901752471924e-01
3.115520179271697998e-01
3.141993880271911621e-01
3.150603473186492920e-01
3.050778508186340332e-01
3.019583523273468018e-01
3.109124004840850830e-01
3.008116483688354492e-01
3.094667792320251465e-01
3.199209868907928467e-01
3.062785267829895020e-01
3.074720501899719238e-01
3.084025382995605469e-01
3.040054738521575928e-01
3.009290099143981934e-01
3.054286539554595947e-01
3.094324767589569092e-01
3.041807115077972412e-01
3.083073496818542480e-01
3.201614916324615479e-01
3.185856044292449951e-01
3.107986450195312500e-01
3.058990836143493652e-01
3.019488453865051270e-01
3.069929182529449463e-01
3.102998733520507812e-01
2.954312562942504883e-01
3.064169585704803467e-01
2.996755242347717285e-01
3.043590188026428223e-01
3.045721352100372314e-01
3.034917414188385010e-01
