2.833607912063598633e+00
2.793797731399536133e+00
2.989804744720458984e+00
2.566660881042480469e+00
4.130438804626464844e+00
3.829499483108520508e+00
2.403571367263793945e+00
1.686996817588806152e+00
1.537348866462707520e+00
1.212046861648559570e+00
9.795936346054077148e-01
8.557717800140380859e-01
6.730597615242004395e-01
5.287256836891174316e-01
4.614718854427337646e-01
3.236121237277984619e-01
2.731997966766357422e-01
1.989359855651855469e-01
1.142517104744911194e-01
7.539272308349609375e-02
7.284892722964286804e-03
-5.923669785261154175e-02
-9.804704785346984863e-02
-1.475779861211776733e-01
-1.646029204130172729e-01
-2.108205407857894897e-01
-2.539273202419281006e-01
-2.890822589397430420e-01
-3.204112648963928223e-01
-3.417163193225860596e-01
-3.866861164569854736e-01
-3.826334178447723389e-01
-4.033997356891632080e-01
-4.366166591644287109e-01
-4.618153274059295654e-01
-4.857825636863708496e-01
-4.962109327316284180e-01
-5.042237639427185059e-01
-5.323576331138610840e-01
-5.383126139640808105e-01
-5.537960529327392578e-01
-5.676664710044860840e-01
-5.844240188598632812e-01
-5.872472524642944336e-01
-6.063601374626159668e-01
-6.185252666473388672e-01
-6.236127018928527832e-01
-6.369200944900512695e-01
-6.564900279045104980e-01
-6.668671965599060059e-01
-6.644048690795898438e-01
-8.611136078834533691e-01
-9.813848733901977539e-01
-1.076322674751281738e+00
-1.142387866973876953e+00
-1.212592959403991699e+00
-1.250473260879516602e+00
-1.300890326499938965e+00
-1.329408526420593262e+00
-1.354225397109985352e+00
-1.396842718124389648e+00
-1.426961064338684082e+00
-1.457585692405700684e+00
-1.462826848030090332e+00
-1.488456368446350098e+00
-1.499124050140380859e+00
-1.498698711395263672e+00
-1.523624777793884277e+00
-1.535386562347412109e+00
-1.543308854103088379e+00
-1.551180839538574219e+00
-1.571229338645935059e+00
-1.578918814659118652e+00
-1.571183085441589355e+00
-1.585395574569702148e+00
-1.599475622177124023e+00
-1.603175282478332520e+00
-1.622267603874206543e+00
-1.630708217620849609e+00
-1.621265053749084473e+00
-1.613572359085083008e+00
-1.628844141960144043e+00
-1.636546134948730469e+00
-1.632479906082153320e+00
-1.658492088317871094e+00
-1.656251430511474609e+00
-1.657567262649536133e+00
-1.656614899635314941e+00
-1.658934473991394043e+00
-1.643117189407348633e+00
-1.673220872879028320e+00
-1.670224308967590332e+00
-1.662688136100769043e+00
-1.665888905525207520e+00
-1.668369650840759277e+00
-1.681371092796325684e+00
-1.673508763313293457e+00
-1.683144807815551758e+00
-1.679586172103881836e+00
-1.677605152130126953e+00
-1.691851615905761719e+00
-1.694906830787658691e+00
-1.686302900314331055e+00
-1.699946999549865723e+00
-1.690017819404602051e+00
-1.679628252983093262e+00
-1.695796251296997070e+00
-1.696595311164855957e+00
-1.692738175392150879e+00
-1.699532866477966309e+00
-1.704011797904968262e+00
-1.701219558715820312e+00
-1.695448398590087891e+00
-1.702431082725524902e+00
-1.699015378952026367e+00
-1.687017321586608887e+00
-1.685989260673522949e+00
-1.697562336921691895e+00
-1.702648043632507324e+00
-1.704035997390747070e+00
-1.699414253234863281e+00
-1.697658896446228027e+00
-1.712808966636657715e+00
-1.702490329742431641e+00
-1.709459066390991211e+00
-1.703893303871154785e+00
-1.704340219497680664e+00
-1.703777909278869629e+00
